Solution for heuristic function 1:
7 2 4
5 * 6
8 3 1
------
7 2 4
* 5 6
8 3 1
------
* 2 4
7 5 6
8 3 1
------
2 * 4
7 5 6
8 3 1
------
2 5 4
7 * 6
8 3 1
------
2 5 4
7 6 *
8 3 1
------
2 5 4
7 6 1
8 3 *
------
2 5 4
7 6 1
8 * 3
------
2 5 4
7 6 1
* 8 3
------
2 5 4
* 6 1
7 8 3
------
2 5 4
6 * 1
7 8 3
------
2 5 4
6 1 *
7 8 3
------
2 5 4
6 1 3
7 8 *
------
2 5 4
6 1 3
7 * 8
------
2 5 4
6 1 3
* 7 8
------
2 5 4
* 1 3
6 7 8
------
2 5 4
1 * 3
6 7 8
------
2 5 4
1 3 *
6 7 8
------
2 5 *
1 3 4
6 7 8
------
2 * 5
1 3 4
6 7 8
------
* 2 5
1 3 4
6 7 8
------
1 2 5
* 3 4
6 7 8
------
1 2 5
3 * 4
6 7 8
------
1 2 5
3 4 *
6 7 8
------
1 2 *
3 4 5
6 7 8
------
1 * 2
3 4 5
6 7 8
------
* 1 2
3 4 5
6 7 8
------

Total number of steps is: 26
As the number of steps represent the cost in this case, so the cost is: 26
__________________________________________________________

Solution for heuristic function 2:
7 2 4
5 * 6
8 3 1
------
7 2 4
* 5 6
8 3 1
------
* 2 4
7 5 6
8 3 1
------
2 * 4
7 5 6
8 3 1
------
2 5 4
7 * 6
8 3 1
------
2 5 4
7 6 *
8 3 1
------
2 5 4
7 6 1
8 3 *
------
2 5 4
7 6 1
8 * 3
------
2 5 4
7 6 1
* 8 3
------
2 5 4
* 6 1
7 8 3
------
2 5 4
6 * 1
7 8 3
------
2 5 4
6 1 *
7 8 3
------
2 5 4
6 1 3
7 8 *
------
2 5 4
6 1 3
7 * 8
------
2 5 4
6 1 3
* 7 8
------
2 5 4
* 1 3
6 7 8
------
2 5 4
1 * 3
6 7 8
------
2 5 4
1 3 *
6 7 8
------
2 5 *
1 3 4
6 7 8
------
2 * 5
1 3 4
6 7 8
------
* 2 5
1 3 4
6 7 8
------
1 2 5
* 3 4
6 7 8
------
1 2 5
3 * 4
6 7 8
------
1 2 5
3 4 *
6 7 8
------
1 2 *
3 4 5
6 7 8
------
1 * 2
3 4 5
6 7 8
------
* 1 2
3 4 5
6 7 8
------

Total number of steps is: 26
As the number of steps represent the cost in this case, so the cost is: 26
